lab_start_dt,lab_sample_type,lab_id,lab_id_val,lab_processing,lab_incubator_placed,lab_incubator_removed,lab_p_weight,lab_sf_weight,lab_pa_weight,lab_1_group.lab_1_dil_tested,lab_1_group.lab_1_volume,lab_1_ecoli_reading_membrane,lab_1_ecoli_membrane,lab_2_group.lab_2_dil_tested,lab_2_group.lab_2_volume,lab_2_ecoli_reading_membrane,lab_2_ecoli_membrane,lab_3_dilution_performed,lab_3_group.lab_3_dil_tested,lab_3_group.lab_3_volume,lab_3_ecoli_reading_membrane,lab_3_ecoli_membrane,lab_notes,lab_enum,lab_photo,lab_end_dt,col_start_dt,col_end_dt,meta.instanceID,X_uuid,X_submission_time,X_tags,X_notes,lab_analysis
2018-10-19T16:12:25.722Z,2,2101,2101,2018-10-08T13:00:00.000Z,2018-10-08T14:30:00.000Z,2018-10-09T14:30:00.000Z,55.08,,,7,10,1,,7,1,3,26,0,,,,,,BB,0,2018-10-19T16:15:45.249Z,2018-10-19T16:12:25.722Z,2018-10-19T16:15:45.249Z,uuid:e5f25b11-f2c6-4eff-9e9d-bb73a45e4502,e5f25b11-f2c6-4eff-9e9d-bb73a45e4502,2018-10-22T16:42:34,,,2
2018-10-22T14:33:05.977Z,2,2105,2105,2018-10-08T13:00:00.000Z,2018-10-08T14:30:00.000Z,2018-10-09T14:30:00.000Z,125.02,,,7,10,3,5,7,1,3,1,1,6,1,3,0,,BB,0,2018-10-22T15:17:52.009Z,2018-10-22T14:33:05.978Z,2018-10-22T15:17:52.009Z,uuid:2053b744-680d-40e0-bb1e-269bcbb51b67,2053b744-680d-40e0-bb1e-269bcbb51b67,2018-10-22T16:43:35,,,2
2018-10-22T14:39:23.038Z,2,2103,2103,2018-10-08T13:42:00.000Z,2018-10-08T14:42:00.000Z,2018-10-09T14:43:00.000Z,350.51,,,7,10,3,93,7,1,3,9,1,6,1,3,2,,BB,0,2018-10-22T14:45:05.842Z,2018-10-22T14:39:23.038Z,2018-10-22T14:45:05.842Z,uuid:bff8174f-e0e1-4313-b709-a78679537a1c,bff8174f-e0e1-4313-b709-a78679537a1c,2018-10-22T16:43:40,,,2
2018-10-22T14:45:17.805Z,2,2104,2104,2018-10-08T13:30:00.000Z,2018-10-08T14:45:00.000Z,2018-10-09T14:30:00.000Z,158.8,,,7,10,1,,7,1,1,,1,6,1,3,26,,BB,0,2018-10-22T15:20:12.948Z,2018-10-22T14:45:17.805Z,2018-10-22T15:20:12.949Z,uuid:aeb5c00a-9bda-4d5c-9990-48756b8c6d00,aeb5c00a-9bda-4d5c-9990-48756b8c6d00,2018-10-22T16:43:46,,,2
2018-10-22T14:52:39.531Z,7,3101,3101,2018-10-08T13:00:00.000Z,2018-10-08T14:30:00.000Z,2018-10-09T14:30:00.000Z,,,,7,10,3,2,6,1,3,0,0,,,,,,BB,0,2018-10-22T15:20:45.115Z,2018-10-22T14:52:39.531Z,2018-10-22T15:20:45.115Z,uuid:6ea67d80-9d36-497f-a806-69df0e78ba57,6ea67d80-9d36-497f-a806-69df0e78ba57,2018-10-22T16:43:50,,,2
2018-10-22T15:02:57.712Z,7,3102,3102,2018-10-08T13:00:00.000Z,2018-10-08T14:30:00.000Z,2018-10-09T14:30:00.000Z,,,,7,10,3,0,6,1,3,0,0,,,,,,BB,0,2018-10-22T16:07:03.666Z,2018-10-22T15:02:57.712Z,2018-10-22T16:07:03.666Z,uuid:3331eb21-a5a9-4056-b5de-0cda147a22e1,3331eb21-a5a9-4056-b5de-0cda147a22e1,2018-10-22T16:43:53,,,2
2018-10-22T15:04:42.874Z,7,3103,3103,2018-10-08T13:00:00.000Z,2018-10-08T14:30:00.000Z,2018-10-09T14:30:00.000Z,,,,7,10,3,23,6,1,3,0,0,,,,,,BB,0,2018-10-22T15:08:02.025Z,2018-10-22T15:04:42.874Z,2018-10-22T15:08:02.025Z,uuid:f49b8dc7-8d86-4125-a513-0a0f18bb156a,f49b8dc7-8d86-4125-a513-0a0f18bb156a,2018-10-22T16:43:55,,,2
2018-10-22T15:08:17.811Z,7,3104,3104,2018-10-08T13:00:00.000Z,2018-10-08T14:30:00.000Z,2018-10-09T14:30:00.000Z,,,,7,10,3,0,6,1,3,0,0,,,,,,BB,0,2018-10-22T15:09:56.262Z,2018-10-22T15:08:17.811Z,2018-10-22T15:09:56.262Z,uuid:f44760ef-e821-497d-8622-ff67ac5408c0,f44760ef-e821-497d-8622-ff67ac5408c0,2018-10-22T16:43:58,,,2
2018-10-22T15:10:16.566Z,7,3105,3105,2018-10-08T13:00:00.000Z,2018-10-08T14:10:00.000Z,2018-10-09T14:11:00.000Z,,,,7,10,1,,6,1,3,3,0,,,,,,BB,0,2018-10-22T15:12:06.781Z,2018-10-22T15:10:16.567Z,2018-10-22T15:12:06.781Z,uuid:a68bdd98-50f8-4cbb-94b5-0250cea39824,a68bdd98-50f8-4cbb-94b5-0250cea39824,2018-10-22T16:44:01,,,2
2018-10-22T16:07:11.627Z,3,1101,1101,2018-10-08T13:00:00.000Z,2018-10-08T14:30:00.000Z,2018-10-09T14:30:00.000Z,,,,7,100,3,0,7,10,3,0,0,,,,,,BB,0,2018-10-22T16:08:40.519Z,2018-10-22T16:07:11.627Z,2018-10-22T16:08:40.519Z,uuid:f16d9bd5-304e-4076-985c-f3a64e210e79,f16d9bd5-304e-4076-985c-f3a64e210e79,2018-10-22T16:44:04,,,2
2018-10-22T16:08:49.937Z,3,1105,1105,2018-10-08T13:09:00.000Z,2018-10-08T14:30:00.000Z,2018-10-09T14:30:00.000Z,,,,7,100,3,43,7,10,3,3,0,,,,,,BB,0,2018-10-22T16:10:17.410Z,2018-10-22T16:08:49.937Z,2018-10-22T16:10:17.410Z,uuid:81ab1144-cbbb-4a0a-b5c4-33c5f9604d9b,81ab1144-cbbb-4a0a-b5c4-33c5f9604d9b,2018-10-22T16:44:07,,,2
2018-10-22T16:10:31.616Z,3,1103,1103,2018-10-08T13:00:00.000Z,2018-10-08T14:30:00.000Z,2018-10-09T14:30:00.000Z,,,,7,100,3,0,7,10,3,0,0,,,,,,BB,0,2018-10-22T16:11:50.711Z,2018-10-22T16:10:31.618Z,2018-10-22T16:11:50.711Z,uuid:9e9966e9-bc12-4e4f-b99e-ae5b5df4e9cc,9e9966e9-bc12-4e4f-b99e-ae5b5df4e9cc,2018-10-22T16:44:10,,,2
2018-10-22T16:13:59.977Z,3,1102,1102,2018-10-08T13:00:00.000Z,2018-10-08T14:30:00.000Z,2018-10-09T14:30:00.000Z,,,,7,100,3,0,7,10,3,0,0,,,,,,BB,0,2018-10-22T16:15:40.300Z,2018-10-22T16:13:59.978Z,2018-10-22T16:15:40.300Z,uuid:1bdd038b-0e56-45d1-b85b-3539a98e5495,1bdd038b-0e56-45d1-b85b-3539a98e5495,2018-10-22T16:44:14,,,2
2018-10-22T16:15:54.721Z,6,7104,7104,2018-10-09T11:00:00.000Z,2018-10-09T15:00:00.000Z,2018-10-10T15:00:00.000Z,,,,7,1,1,,6,1,1,,1,5,1,3,27,,BB,0,2018-10-22T16:18:03.795Z,2018-10-22T16:15:54.722Z,2018-10-22T16:18:03.795Z,uuid:b00ff595-0d68-4e72-937e-7d1a5c8d6456,b00ff595-0d68-4e72-937e-7d1a5c8d6456,2018-10-22T16:44:16,,,2
2018-10-22T16:18:12.001Z,6,7103,7103,2018-10-09T11:00:00.000Z,2018-10-09T15:00:00.000Z,2018-10-10T15:00:00.000Z,,,,7,1,1,,6,1,1,,1,5,1,3,81,,BB,0,2018-10-22T16:21:02.608Z,2018-10-22T16:18:12.001Z,2018-10-22T16:21:02.608Z,uuid:ef9d0e14-5f54-4411-a52d-a2a85a82a017,ef9d0e14-5f54-4411-a52d-a2a85a82a017,2018-10-22T16:44:21,,,2
2018-10-22T16:21:27.415Z,6,7102,7102,2018-10-09T11:00:00.000Z,2018-10-09T15:00:00.000Z,2018-10-10T15:00:00.000Z,,,,7,1,3,100,6,1,3,4,1,5,1,3,0,,BB,0,2018-10-22T16:23:12.774Z,2018-10-22T16:21:27.415Z,2018-10-22T16:23:12.774Z,uuid:216a78d5-0eaf-4f86-9ad0-f6858e974710,216a78d5-0eaf-4f86-9ad0-f6858e974710,2018-10-22T16:44:26,,,2
2018-10-22T16:23:32.642Z,6,7101,7101,2018-10-09T11:00:00.000Z,2018-10-09T15:00:00.000Z,2018-10-10T15:00:00.000Z,,,,7,1,3,76,6,1,3,8,1,5,1,3,0,,BB,0,2018-10-22T16:25:00.281Z,2018-10-22T16:23:32.642Z,2018-10-22T16:25:00.281Z,uuid:f0a141d7-3871-4abd-b30d-1246423c4987,f0a141d7-3871-4abd-b30d-1246423c4987,2018-10-22T16:44:29,,,2
2018-10-22T16:26:51.576Z,2,2108,2108,2018-10-09T11:00:00.000Z,2018-10-09T15:00:00.000Z,2018-10-10T15:00:00.000Z,78.22,,,7,10,3,19,7,1,3,0,1,6,1,3,0,,BB,0,2018-10-22T16:28:43.275Z,2018-10-22T16:26:51.577Z,2018-10-22T16:28:43.275Z,uuid:622e0bf0-2f75-4fa3-bb1c-2ec30cf1f777,622e0bf0-2f75-4fa3-bb1c-2ec30cf1f777,2018-10-22T16:44:34,,,2
2018-10-22T16:28:50.697Z,2,2110,2110,2018-10-09T11:00:00.000Z,2018-10-09T15:00:00.000Z,2018-10-10T15:00:00.000Z,230.85,,,7,10,3,0,7,1,3,0,1,6,1,3,0,,BB,0,2018-10-22T16:42:05.869Z,2018-10-22T16:28:50.697Z,2018-10-22T16:42:05.869Z,uuid:91d2dfc4-8bce-41f4-8d64-3f44894933a5,91d2dfc4-8bce-41f4-8d64-3f44894933a5,2018-10-22T16:44:38,,,2
2018-10-24T10:23:05.646Z,3,1109,1109,2018-10-09T11:00:00.000Z,2018-10-09T15:00:00.000Z,2018-10-10T15:00:00.000Z,,,,7,100,3,5,7,10,3,0,0,,,,,,BB,0,2018-10-24T10:25:22.722Z,2018-10-24T10:23:05.647Z,2018-10-24T10:25:22.722Z,uuid:5dd0c4d2-02cc-4139-90da-fff703b2b864,5dd0c4d2-02cc-4139-90da-fff703b2b864,2018-10-25T15:41:13,,,2
2018-10-24T10:25:31.688Z,7,3108,3108,2018-10-09T11:00:00.000Z,2018-10-09T15:00:00.000Z,2018-10-10T15:00:00.000Z,,,,7,10,3,0,6,1,3,0,0,,,,,,BB,0,2018-10-24T10:27:16.496Z,2018-10-24T10:25:31.688Z,2018-10-24T10:27:16.496Z,uuid:3e155deb-0254-420b-a265-5d610e5e3a38,3e155deb-0254-420b-a265-5d610e5e3a38,2018-10-25T15:41:15,,,2
2018-10-24T10:27:26.028Z,7,3107,3107,2018-10-09T11:00:00.000Z,2018-10-09T15:00:00.000Z,2018-10-10T15:00:00.000Z,,,,7,10,3,2,6,1,3,0,0,,,,,,BB,0,2018-10-24T10:29:20.317Z,2018-10-24T10:27:26.029Z,2018-10-24T10:29:20.317Z,uuid:39b1509c-7972-475d-81da-c2f41859c694,39b1509c-7972-475d-81da-c2f41859c694,2018-10-25T15:41:17,,,2
2018-10-24T10:29:29.439Z,7,3106,3106,2018-10-09T11:00:00.000Z,2018-10-09T15:00:00.000Z,2018-10-10T15:00:00.000Z,,,,7,10,3,0,6,1,3,0,0,,,,,,BB,0,2018-10-24T10:30:52.350Z,2018-10-24T10:29:29.439Z,2018-10-24T10:30:52.350Z,uuid:cecc3d34-4558-49bf-af81-28d52c36a393,cecc3d34-4558-49bf-af81-28d52c36a393,2018-10-25T15:41:19,,,2
2018-10-24T10:31:53.811Z,3,1110,1110,2018-10-09T11:00:00.000Z,2018-10-09T15:00:00.000Z,2018-10-10T15:00:00.000Z,,,,7,100,3,1,7,10,3,0,0,,,,,,BB,0,2018-10-24T10:34:50.547Z,2018-10-24T10:31:53.811Z,2018-10-24T10:34:50.547Z,uuid:84c36a07-5234-4787-8d23-55c963d8da67,84c36a07-5234-4787-8d23-55c963d8da67,2018-10-25T15:41:21,,,2
2018-10-24T10:36:16.929Z,2,2106,2106,2018-10-09T11:00:00.000Z,2018-10-09T15:00:00.000Z,2018-10-10T15:00:00.000Z,106.38,,,7,10,1,,7,1,1,,1,6,1,3,97,,BB,0,2018-10-24T10:40:38.640Z,2018-10-24T10:36:16.929Z,2018-10-24T10:40:38.640Z,uuid:4f163274-1c96-4d13-8d5a-6e3d1ac266e1,4f163274-1c96-4d13-8d5a-6e3d1ac266e1,2018-10-25T15:41:23,,,2
2018-10-24T10:40:54.024Z,2,2102,2102,2018-10-09T11:00:00.000Z,2018-10-09T15:00:00.000Z,2018-10-10T15:00:00.000Z,160.65,,,7,10,3,7,7,1,3,2,1,6,1,3,0,,BB,0,2018-10-24T10:42:28.062Z,2018-10-24T10:40:54.024Z,2018-10-24T10:42:28.062Z,uuid:ad2617a6-096d-46dc-afac-e58f768c9331,ad2617a6-096d-46dc-afac-e58f768c9331,2018-10-25T15:41:24,,,2
2018-10-24T10:42:45.205Z,2,2109,2109,2018-10-09T11:00:00.000Z,2018-10-09T15:00:00.000Z,2018-10-10T15:00:00.000Z,114.8,,,7,10,1,,7,1,3,21,1,6,1,3,2,,BB,0,2018-10-24T10:57:09.754Z,2018-10-24T10:42:45.205Z,2018-10-24T10:57:09.754Z,uuid:00645771-8017-4e40-b028-fc6ca4bce28e,00645771-8017-4e40-b028-fc6ca4bce28e,2018-10-25T15:41:26,,,2
2018-10-24T10:57:18.646Z,7,3109,3109,2018-10-09T11:00:00.000Z,2018-10-09T15:00:00.000Z,2018-10-10T15:00:00.000Z,,,,7,10,3,21,6,1,3,0,0,,,,,,BB,0,2018-10-24T10:58:53.682Z,2018-10-24T10:57:18.646Z,2018-10-24T10:58:53.683Z,uuid:ecb47040-b299-4f45-acc7-b738839e6052,ecb47040-b299-4f45-acc7-b738839e6052,2018-10-25T15:41:29,,,2
2018-10-24T10:58:59.693Z,7,3110,3110,2018-10-09T11:00:00.000Z,2018-10-09T15:00:00.000Z,2018-10-10T15:00:00.000Z,,,,7,10,3,0,6,1,3,0,0,,,,,,BB,0,2018-10-24T11:00:42.039Z,2018-10-24T10:58:59.693Z,2018-10-24T11:00:42.039Z,uuid:16358456-162c-4a3e-acf9-f648e6370da7,16358456-162c-4a3e-acf9-f648e6370da7,2018-10-25T15:41:31,,,2
2018-10-24T11:02:36.378Z,3,1108,1108,2018-10-09T11:00:00.000Z,2018-10-09T15:00:00.000Z,2018-10-10T15:00:00.000Z,,,,7,100,3,0,7,10,3,0,0,,,,,,BB,0,2018-10-24T11:03:53.128Z,2018-10-24T11:02:36.378Z,2018-10-24T11:03:53.128Z,uuid:9165803a-185b-4c29-8ba5-5946396ffe09,9165803a-185b-4c29-8ba5-5946396ffe09,2018-10-25T15:41:33,,,2
2018-10-24T11:04:15.688Z,3,1107,1107,2018-10-09T11:00:00.000Z,2018-10-09T15:00:00.000Z,2018-10-10T15:00:00.000Z,,,,7,100,3,3,7,1,3,0,0,,,,,,BB,0,2018-10-24T11:05:19.193Z,2018-10-24T11:04:15.692Z,2018-10-24T11:05:19.193Z,uuid:7c2eb183-c4f3-478c-ba9a-ec323f650559,7c2eb183-c4f3-478c-ba9a-ec323f650559,2018-10-25T15:41:34,,,2
2018-10-24T11:05:28.830Z,3,1106,1106,2018-10-09T11:00:00.000Z,2018-10-09T15:00:00.000Z,2018-10-10T15:00:00.000Z,,,,7,100,3,13,7,1,3,2,0,,,,,,BB,0,2018-10-24T11:06:33.483Z,2018-10-24T11:05:28.830Z,2018-10-24T11:06:33.483Z,uuid:992740ab-d643-47fa-b9aa-4f4b14606bcd,992740ab-d643-47fa-b9aa-4f4b14606bcd,2018-10-25T15:41:36,,,2
2018-10-24T11:06:45.206Z,6,7105,7105,2018-10-09T11:00:00.000Z,2018-10-09T15:00:00.000Z,2018-10-10T15:00:00.000Z,,,,7,1,3,69,6,1,3,6,1,5,1,3,2,,BB,0,2018-10-24T11:08:26.015Z,2018-10-24T11:06:45.206Z,2018-10-24T11:08:26.015Z,uuid:88ae12e4-da0a-485b-9573-0999b15e5c6d,88ae12e4-da0a-485b-9573-0999b15e5c6d,2018-10-25T15:41:38,,,2
2018-10-24T11:08:31.735Z,10,5105,5105,2018-10-10T12:00:00.000Z,2018-10-10T16:00:00.000Z,2018-10-11T15:00:00.000Z,,10,,7,10,3,0,7,1,3,0,1,6,1,3,0,,BB,0,2018-10-24T11:16:50.714Z,2018-10-24T11:08:31.735Z,2018-10-24T11:16:50.714Z,uuid:8a1601d8-4e76-4b68-9827-9474fe9b6634,8a1601d8-4e76-4b68-9827-9474fe9b6634,2018-10-25T15:41:40,,,2
2018-10-24T11:26:24.489Z,10,5104,5104,2018-10-10T12:00:00.000Z,2018-10-10T16:00:00.000Z,2018-10-11T15:00:00.000Z,,10,,7,10,3,0,7,1,3,0,1,6,1,3,0,,BB,0,2018-10-24T11:31:04.430Z,2018-10-24T11:26:24.489Z,2018-10-24T11:31:04.430Z,uuid:847c2042-4118-419e-905f-3ff873e30d71,847c2042-4118-419e-905f-3ff873e30d71,2018-10-25T15:41:42,,,2
2018-10-24T11:31:26.710Z,10,5103,5103,2018-10-10T12:00:00.000Z,2018-10-10T16:00:00.000Z,2018-10-11T15:00:00.000Z,,10,,7,10,3,10,7,1,3,0,1,6,1,3,0,,BB,0,2018-10-24T11:35:09.352Z,2018-10-24T11:31:26.711Z,2018-10-24T11:35:09.352Z,uuid:eecfc45e-aeda-42e2-a079-a8610ff219a3,eecfc45e-aeda-42e2-a079-a8610ff219a3,2018-10-25T15:41:44,,,2
2018-10-24T11:36:00.680Z,10,5101,5101,2018-10-10T12:00:00.000Z,2018-10-10T16:00:00.000Z,2018-10-11T15:00:00.000Z,,10,,7,10,3,0,7,1,3,0,1,6,1,3,0,,BB,0,2018-10-24T11:37:58.821Z,2018-10-24T11:36:00.681Z,2018-10-24T11:37:58.821Z,uuid:70ccf3a9-a0b2-4fed-91b4-e2422a5152d4,70ccf3a9-a0b2-4fed-91b4-e2422a5152d4,2018-10-25T15:41:46,,,2
2018-10-24T12:04:27.811Z,10,5102,5102,2018-10-10T12:00:00.000Z,2018-10-10T16:00:00.000Z,2018-10-11T15:00:00.000Z,,10,,7,10,3,0,7,1,3,0,1,6,1,3,0,,BB,0,2018-10-25T12:29:36.309Z,2018-10-24T12:04:27.812Z,2018-10-25T12:29:36.309Z,uuid:68d116ee-2cb6-4f81-a96e-dcf6333df7e1,68d116ee-2cb6-4f81-a96e-dcf6333df7e1,2018-10-25T15:41:48,,,2
2018-10-24T12:06:19.972Z,8,6102,6102,2018-10-10T12:00:00.000Z,2018-10-10T16:00:00.000Z,2018-10-11T15:00:00.000Z,,,10,7,1,3,0,6,1,3,0,1,5,1,3,0,,BB,0,2018-10-24T12:08:08.989Z,2018-10-24T12:06:19.972Z,2018-10-24T12:08:08.989Z,uuid:a8bd8478-e9e8-429b-9593-81dd0c5c2e84,a8bd8478-e9e8-429b-9593-81dd0c5c2e84,2018-10-25T15:41:50,,,2
2018-10-24T12:08:30.623Z,9,8101,8101,2018-10-10T12:00:00.000Z,2018-10-10T16:00:00.000Z,2018-10-11T15:00:00.000Z,,,,7,100,3,0,7,10,3,0,0,,,,,,BB,0,2018-10-25T12:29:15.112Z,2018-10-24T12:08:30.623Z,2018-10-25T12:29:15.112Z,uuid:1653eed7-5709-4f10-9fab-feeef5c64e33,1653eed7-5709-4f10-9fab-feeef5c64e33,2018-10-25T15:41:52,,,2
2018-10-25T11:49:43.857Z,1,4105,4105,2018-10-10T12:00:00.000Z,2018-10-10T16:00:00.000Z,2018-10-11T15:00:00.000Z,,,,4,1,3,53,3,1,3,7,0,,,,,,BB,0,2018-10-25T12:28:59.994Z,2018-10-25T11:49:43.857Z,2018-10-25T12:28:59.994Z,uuid:43043848-fa76-4648-8aad-9d6853718178,43043848-fa76-4648-8aad-9d6853718178,2018-10-25T15:41:53,,,2
2018-10-25T11:55:45.283Z,1,4103,4103,2018-10-10T12:00:00.000Z,2018-10-10T16:00:00.000Z,2018-10-11T15:00:00.000Z,,,,4,1,1,,3,1,3,50,0,,,,,,BB,0,2018-10-25T12:28:37.292Z,2018-10-25T11:55:45.283Z,2018-10-25T12:28:37.292Z,uuid:a19680a9-2598-4ae4-b729-ba49acb1c2a2,a19680a9-2598-4ae4-b729-ba49acb1c2a2,2018-10-25T15:41:55,,,2
2018-10-25T12:00:56.288Z,1,4104,4104,2018-10-10T12:00:00.000Z,2018-10-10T16:00:00.000Z,2018-10-11T15:00:00.000Z,,,,4,1,3,116,3,1,3,11,0,,,,,,BB,0,2018-10-25T12:28:18.408Z,2018-10-25T12:00:56.288Z,2018-10-25T12:28:18.408Z,uuid:be7d5b7b-5a7b-4b4f-a022-7d711bcf756d,be7d5b7b-5a7b-4b4f-a022-7d711bcf756d,2018-10-25T15:41:57,,,2
2018-10-25T12:20:31.470Z,1,4101,4101,2018-10-10T12:00:00.000Z,2018-10-10T16:00:00.000Z,2018-10-11T15:00:00.000Z,,,,4,1,1,,3,1,3,20,0,,,,,,BB,0,2018-10-25T12:27:49.805Z,2018-10-25T12:20:31.470Z,2018-10-25T12:27:49.805Z,uuid:92e5564a-53b5-4a36-ac02-8693be3d8e13,92e5564a-53b5-4a36-ac02-8693be3d8e13,2018-10-25T15:41:59,,,2
2018-10-25T12:21:59.109Z,1,4102,4102,2018-10-10T12:00:00.000Z,2018-10-10T16:00:00.000Z,2018-10-11T15:00:00.000Z,,,,4,1,3,145,3,1,3,10,0,,,,,,BB,0,2018-10-25T12:27:25.827Z,2018-10-25T12:21:59.109Z,2018-10-25T12:27:25.827Z,uuid:54cfdde1-4ee5-4f0e-9eb0-b2e25100768b,54cfdde1-4ee5-4f0e-9eb0-b2e25100768b,2018-10-25T15:42:01,,,2
2018-10-25T12:23:08.649Z,9,8104,8104,2018-10-10T12:00:00.000Z,2018-10-10T16:00:00.000Z,2018-10-11T15:00:00.000Z,,,,7,100,3,0,7,10,3,0,0,,,,,,BB,0,2018-10-25T12:29:22.171Z,2018-10-25T12:23:08.649Z,2018-10-25T12:29:22.171Z,uuid:4eb5d901-2647-498b-a866-8962b062733a,4eb5d901-2647-498b-a866-8962b062733a,2018-10-25T15:42:04,,,2
2018-10-25T12:30:01.257Z,9,8105,8105,2018-10-10T12:00:00.000Z,2018-10-10T16:00:00.000Z,2018-10-11T15:00:00.000Z,,,,7,100,3,9,7,10,3,3,0,,,,,,BB,0,2018-10-25T12:31:14.143Z,2018-10-25T12:30:01.257Z,2018-10-25T12:31:14.143Z,uuid:f4f9bffd-973c-4fd9-af6d-b11cdb361437,f4f9bffd-973c-4fd9-af6d-b11cdb361437,2018-10-25T15:42:05,,,2
2018-10-25T12:31:20.845Z,9,8102,8102,2018-10-10T12:00:00.000Z,2018-10-10T16:00:00.000Z,2018-10-11T15:00:00.000Z,,,,7,100,3,0,7,10,3,0,0,,,,,,BB,0,2018-10-25T12:32:54.728Z,2018-10-25T12:31:20.845Z,2018-10-25T12:32:54.728Z,uuid:a3b76bbf-9a9e-44c8-ac37-d9f43037bb49,a3b76bbf-9a9e-44c8-ac37-d9f43037bb49,2018-10-25T15:42:07,,,2
2018-10-25T12:33:07.794Z,9,8103,8103,2018-10-10T12:00:00.000Z,2018-10-10T16:00:00.000Z,2018-10-11T15:00:00.000Z,,,,7,100,3,45,7,10,3,5,0,,,,,,BB,0,2018-10-25T12:34:42.624Z,2018-10-25T12:33:07.794Z,2018-10-25T12:34:42.624Z,uuid:a6680ffc-88a3-4554-9557-7141161bf282,a6680ffc-88a3-4554-9557-7141161bf282,2018-10-25T15:42:09,,,2
2018-10-25T12:34:52.032Z,8,6105,6105,2018-10-10T12:00:00.000Z,2018-10-10T16:00:00.000Z,2018-10-11T15:00:00.000Z,,,10,7,1,3,6,6,1,3,0,1,5,1,3,0,,BB,0,2018-10-25T12:36:12.993Z,2018-10-25T12:34:52.032Z,2018-10-25T12:36:12.993Z,uuid:c9d2c1cd-23b9-44a2-a9e9-490bc9b064eb,c9d2c1cd-23b9-44a2-a9e9-490bc9b064eb,2018-10-25T15:42:11,,,2
2018-10-25T12:36:23.834Z,8,6104,6104,2018-10-10T12:00:00.000Z,2018-10-10T16:00:00.000Z,2018-10-11T15:00:00.000Z,,,10,7,1,1,,6,1,1,,1,5,1,3,30,,BB,0,2018-10-25T12:37:38.820Z,2018-10-25T12:36:23.834Z,2018-10-25T12:37:38.820Z,uuid:5402e906-07f5-4cea-8241-38e671719c5a,5402e906-07f5-4cea-8241-38e671719c5a,2018-10-25T15:42:12,,,2
2018-10-25T12:37:52.362Z,8,6103,6103,2018-10-10T12:00:00.000Z,2018-10-10T16:00:00.000Z,2018-10-11T15:00:00.000Z,,,10,7,1,3,0,6,1,3,0,1,5,1,3,0,,BB,0,2018-10-25T12:39:04.458Z,2018-10-25T12:37:52.363Z,2018-10-25T12:39:04.458Z,uuid:0a2b4838-1d23-4cfb-bb3b-c1184957fe13,0a2b4838-1d23-4cfb-bb3b-c1184957fe13,2018-10-25T15:42:15,,,2
2018-10-25T12:40:04.389Z,8,6101,6101,2018-10-10T12:00:00.000Z,2018-10-10T16:00:00.000Z,2018-10-25T15:00:00.000Z,,,10,7,1,2,,6,1,3,4,1,5,1,3,0,,BB,0,2018-10-25T12:41:29.412Z,2018-10-25T12:40:04.390Z,2018-10-25T12:41:29.412Z,uuid:3f4c5fe5-7b3a-4170-921c-72704357a6d2,3f4c5fe5-7b3a-4170-921c-72704357a6d2,2018-10-25T15:42:18,,,2
2018-10-25T12:41:38.908Z,10,5106,5106,2018-10-11T11:30:00.000Z,2018-10-11T16:00:00.000Z,2018-10-12T16:00:00.000Z,,10,,7,10,3,0,7,1,3,0,1,6,1,3,0,,BB,0,2018-10-25T12:43:22.834Z,2018-10-25T12:41:38.912Z,2018-10-25T12:43:22.834Z,uuid:fff65331-0f84-4cf9-b601-82bf2439fbbf,fff65331-0f84-4cf9-b601-82bf2439fbbf,2018-10-25T15:42:20,,,2
2018-10-25T12:45:06.195Z,1,4109,4109,2018-10-11T11:30:00.000Z,2018-10-11T16:00:00.000Z,2018-10-12T16:00:00.000Z,,,,4,1,3,154,3,1,3,14,0,,,,,,BB,0,2018-10-25T12:48:14.674Z,2018-10-25T12:45:06.195Z,2018-10-25T12:48:14.674Z,uuid:6dc2675e-da58-4e66-97ca-0c2990d059fb,6dc2675e-da58-4e66-97ca-0c2990d059fb,2018-10-25T15:42:22,,,2
2018-10-25T12:48:22.839Z,1,4108,4108,2018-10-11T11:30:00.000Z,2018-10-11T16:00:00.000Z,2018-10-12T16:00:00.000Z,,,,4,1,3,0,3,1,3,0,0,,,,,,BB,0,2018-10-25T12:49:47.681Z,2018-10-25T12:48:22.839Z,2018-10-25T12:49:47.681Z,uuid:5502dfee-1074-4b5d-bae6-79e73ef31486,5502dfee-1074-4b5d-bae6-79e73ef31486,2018-10-25T15:42:23,,,2
2018-10-25T12:50:15.098Z,1,4110,4110,2018-10-11T11:30:00.000Z,2018-10-11T16:00:00.000Z,2018-10-12T16:00:00.000Z,,,,4,1,3,22,3,1,3,2,0,,,,,,BB,0,2018-10-25T12:53:43.592Z,2018-10-25T12:50:15.098Z,2018-10-25T12:53:43.592Z,uuid:0be72bd9-9d76-479f-a7ca-06c55f203862,0be72bd9-9d76-479f-a7ca-06c55f203862,2018-10-25T15:42:25,,,2
2018-10-25T12:54:03.994Z,1,4106,4106,2018-10-11T11:30:00.000Z,2018-10-11T16:00:00.000Z,2018-10-12T16:00:00.000Z,,,,4,1,3,14,3,1,3,2,0,,,,,,BB,0,2018-10-25T12:56:11.663Z,2018-10-25T12:54:03.994Z,2018-10-25T12:56:11.663Z,uuid:973f2447-266b-4132-acdb-60c3b30986cf,973f2447-266b-4132-acdb-60c3b30986cf,2018-10-25T15:42:26,,,2
2018-10-25T12:56:21.409Z,10,5108,5108,2018-10-11T11:30:00.000Z,2018-10-11T16:00:00.000Z,2018-10-12T16:00:00.000Z,,10,,7,10,3,0,7,1,3,0,1,6,1,3,0,,BB,0,2018-10-25T13:08:55.674Z,2018-10-25T12:56:21.409Z,2018-10-25T13:08:55.674Z,uuid:2ff68f9f-a174-4864-8873-2884dae1bc2b,2ff68f9f-a174-4864-8873-2884dae1bc2b,2018-10-25T15:42:28,,,2
2018-10-25T13:09:10.250Z,10,5107,5107,2018-10-11T11:30:00.000Z,2018-10-11T16:09:00.000Z,2018-10-12T16:00:00.000Z,,10,,7,10,3,0,7,1,3,0,1,6,1,3,0,,BB,0,2018-10-25T13:10:44.947Z,2018-10-25T13:09:10.250Z,2018-10-25T13:10:44.947Z,uuid:23498f14-e343-4547-b69e-8f2055c0f076,23498f14-e343-4547-b69e-8f2055c0f076,2018-10-25T15:42:30,,,2
2018-10-25T13:10:55.074Z,10,5109,5109,2018-10-11T11:30:00.000Z,2018-10-11T16:00:00.000Z,2018-10-12T16:00:00.000Z,,10,,7,10,3,0,7,1,3,0,1,6,1,3,0,,BB,0,2018-10-25T13:12:58.603Z,2018-10-25T13:10:55.074Z,2018-10-25T13:12:58.603Z,uuid:c6337882-5212-4049-8b1d-2fcb4e44b09b,c6337882-5212-4049-8b1d-2fcb4e44b09b,2018-10-25T15:42:32,,,2
2018-10-25T13:13:40.270Z,10,5110,5110,2018-10-11T11:30:00.000Z,2018-10-11T16:00:00.000Z,2018-10-12T16:00:00.000Z,,10,,7,10,1,,7,1,1,,1,6,1,3,130,,BB,0,2018-10-25T13:15:19.493Z,2018-10-25T13:13:40.270Z,2018-10-25T13:15:19.493Z,uuid:c240de12-ff54-453a-ba11-f1fbaf3fd7ca,c240de12-ff54-453a-ba11-f1fbaf3fd7ca,2018-10-25T15:42:34,,,2
2018-10-25T13:15:35.550Z,8,6107,6107,2018-10-11T11:30:00.000Z,2018-10-11T16:00:00.000Z,2018-10-12T16:00:00.000Z,,,10,7,1,3,1,6,1,3,0,1,5,1,3,0,,BB,0,2018-10-25T13:19:22.793Z,2018-10-25T13:15:35.550Z,2018-10-25T13:19:22.793Z,uuid:261e9016-91a6-40f7-943a-64c07171a8ac,261e9016-91a6-40f7-943a-64c07171a8ac,2018-10-25T15:42:36,,,2
2018-10-25T14:22:25.612Z,8,6108,6108,2018-10-11T11:30:00.000Z,2018-10-11T16:00:00.000Z,2018-10-12T16:00:00.000Z,,,10,7,1,3,1,6,1,3,0,1,5,1,3,0,,BB,0,2018-10-25T14:25:48.971Z,2018-10-25T14:22:25.612Z,2018-10-25T14:25:48.971Z,uuid:0d1fc4ff-13a6-4506-afee-24ab890b91e4,0d1fc4ff-13a6-4506-afee-24ab890b91e4,2018-10-25T15:42:38,,,2
2018-10-25T14:25:59.256Z,8,6109,6109,2018-10-11T11:30:00.000Z,2018-10-11T16:00:00.000Z,2018-10-12T16:00:00.000Z,,,10,7,1,3,0,6,1,3,0,1,5,1,3,0,,BB,0,2018-10-25T14:27:17.969Z,2018-10-25T14:25:59.257Z,2018-10-25T14:27:17.969Z,uuid:7e766cac-187f-43b8-89a1-f9ac84f63f83,7e766cac-187f-43b8-89a1-f9ac84f63f83,2018-10-25T15:42:40,,,2
2018-10-25T14:27:29.699Z,8,6110,6110,2018-10-11T11:30:00.000Z,2018-10-11T16:00:00.000Z,2018-10-12T16:00:00.000Z,,,10,7,1,3,0,6,1,3,0,1,5,1,3,0,,BB,0,2018-10-25T14:29:51.366Z,2018-10-25T14:27:29.700Z,2018-10-25T14:29:51.366Z,uuid:a3f9cb80-9cf0-4ca7-883d-944a824fbda4,a3f9cb80-9cf0-4ca7-883d-944a824fbda4,2018-10-25T15:42:43,,,2
2018-10-25T14:30:05.922Z,8,6106,6106,2018-10-11T11:30:00.000Z,2018-10-11T16:00:00.000Z,2018-10-12T16:00:00.000Z,,,10,7,1,3,1,6,1,3,0,1,5,1,3,0,,BB,0,2018-10-25T14:31:17.455Z,2018-10-25T14:30:05.924Z,2018-10-25T14:31:17.455Z,uuid:d9ff0a65-cd8d-4659-8f03-306d7f3683c5,d9ff0a65-cd8d-4659-8f03-306d7f3683c5,2018-10-25T15:42:45,,,2
2018-10-25T14:31:48.556Z,4,9007,9007,2018-10-17T12:00:00.000Z,2018-10-17T14:00:00.000Z,2018-10-18T14:00:00.000Z,,,,7,10,3,112,7,1,3,10,0,,,,,,BB,0,2018-10-25T14:33:04.422Z,2018-10-25T14:31:48.557Z,2018-10-25T14:33:04.422Z,uuid:490c1ac3-bbcb-467e-8098-7b8cad1a55e8,490c1ac3-bbcb-467e-8098-7b8cad1a55e8,2018-10-25T15:42:47,,,2
2018-10-25T14:33:11.133Z,4,9008,9008,2018-10-17T12:00:00.000Z,2018-10-17T14:00:00.000Z,2018-10-18T14:00:00.000Z,,,,7,10,3,106,7,1,3,8,0,,,,,,BB,0,2018-10-25T14:34:28.099Z,2018-10-25T14:33:11.133Z,2018-10-25T14:34:28.099Z,uuid:97925d32-ede8-41fe-8203-3fc528d617ab,97925d32-ede8-41fe-8203-3fc528d617ab,2018-10-25T15:42:50,,,2
2018-10-25T15:05:53.379Z,4,9009,9009,2018-10-17T12:00:00.000Z,2018-10-17T14:00:00.000Z,2018-10-18T14:00:00.000Z,,,,7,10,3,13,7,1,3,0,0,,,,,,BB,0,2018-10-25T15:07:14.004Z,2018-10-25T15:05:53.379Z,2018-10-25T15:07:14.004Z,uuid:e4a5d62c-e843-446f-bc64-b141efa0c5c5,e4a5d62c-e843-446f-bc64-b141efa0c5c5,2018-10-25T15:42:52,,,2
2018-10-25T15:07:20.189Z,1,4111,4111,2018-10-17T12:00:00.000Z,2018-10-17T14:00:00.000Z,2018-10-18T14:00:00.000Z,,,,4,10,3,7,3,1,3,0,0,,,,,,BB,0,2018-10-25T15:09:07.990Z,2018-10-25T15:07:20.189Z,2018-10-25T15:09:07.990Z,uuid:ef1d681f-44c7-4599-ba6c-4b6170a1d835,ef1d681f-44c7-4599-ba6c-4b6170a1d835,2018-10-25T15:42:54,,,2
2018-10-25T15:09:24.376Z,4,9006,9006,2018-10-17T12:00:00.000Z,2018-10-17T14:00:00.000Z,2018-10-18T14:00:00.000Z,,,,7,10,1,,7,1,3,17,0,,,,,,BB,0,2018-10-25T15:10:32.406Z,2018-10-25T15:09:24.376Z,2018-10-25T15:10:32.406Z,uuid:3ab8c7e7-33a7-4320-9db9-237cc4898fed,3ab8c7e7-33a7-4320-9db9-237cc4898fed,2018-10-25T15:42:55,,,2
2018-10-25T15:10:48.933Z,4,9005,9005,2018-10-17T12:00:00.000Z,2018-10-17T14:00:00.000Z,2018-10-18T14:00:00.000Z,,,,7,10,1,,7,1,3,23,0,,,,,,BB,0,2018-10-25T15:12:01.686Z,2018-10-25T15:10:48.934Z,2018-10-25T15:12:01.686Z,uuid:2c8b85aa-9d40-4825-a7ac-8a778477f55d,2c8b85aa-9d40-4825-a7ac-8a778477f55d,2018-10-25T15:42:57,,,2
2018-10-25T15:12:10.847Z,4,9004,9004,2018-10-17T12:00:00.000Z,2018-10-17T14:00:00.000Z,2018-10-18T14:00:00.000Z,,,,7,10,3,141,7,1,3,21,0,,,,,,BB,0,2018-10-25T15:13:25.556Z,2018-10-25T15:12:10.847Z,2018-10-25T15:13:25.556Z,uuid:d3d86720-7cb5-4563-862d-a2d1966492da,d3d86720-7cb5-4563-862d-a2d1966492da,2018-10-25T15:42:59,,,2
2018-10-25T15:15:41.736Z,4,9003,9003,2018-10-17T12:00:00.000Z,2018-10-17T14:00:00.000Z,2018-10-18T14:00:00.000Z,,,,7,10,1,,7,1,1,,0,,,,,,BB,0,2018-10-25T15:16:45.125Z,2018-10-25T15:15:41.736Z,2018-10-25T15:16:45.125Z,uuid:7e9a265d-70d8-4b98-a981-3aae572f8d63,7e9a265d-70d8-4b98-a981-3aae572f8d63,2018-10-25T15:43:00,,,2
2018-10-25T15:16:52.347Z,4,9002,9002,2018-10-17T12:00:00.000Z,2018-10-17T14:00:00.000Z,2018-10-18T14:00:00.000Z,,,,7,10,3,51,7,1,3,3,0,,,,,,BB,0,2018-10-25T15:17:53.284Z,2018-10-25T15:16:52.347Z,2018-10-25T15:17:53.284Z,uuid:f8e7886f-5590-46dd-99f7-9adee622e506,f8e7886f-5590-46dd-99f7-9adee622e506,2018-10-25T15:43:03,,,2
2018-10-25T15:18:01.485Z,4,9001,9001,2018-10-17T12:00:00.000Z,2018-10-17T14:00:00.000Z,2018-10-18T14:00:00.000Z,,,,7,10,3,52,7,1,3,5,0,,,,,,BB,0,2018-10-25T15:19:08.727Z,2018-10-25T15:18:01.485Z,2018-10-25T15:19:08.727Z,uuid:76510ed6-1a99-426f-bc15-e948300b0805,76510ed6-1a99-426f-bc15-e948300b0805,2018-10-25T15:43:05,,,2
2018-10-25T15:19:24.825Z,4,9010,9010,2018-10-17T12:00:00.000Z,2018-10-17T14:00:00.000Z,2018-10-18T14:00:00.000Z,,,,7,10,3,8,7,1,3,1,0,,,,,,BB,0,2018-10-25T15:20:16.901Z,2018-10-25T15:19:24.826Z,2018-10-25T15:20:16.901Z,uuid:1b1205cf-c70e-4671-bd35-a6786f528fd1,1b1205cf-c70e-4671-bd35-a6786f528fd1,2018-10-25T15:43:07,,,2
2018-10-25T15:38:11.720Z,8,6004,6004,2018-10-03T12:30:00.000Z,2018-10-03T16:30:00.000Z,2018-10-04T15:30:00.000Z,,,10,7,1,3,5,6,1,3,2,1,5,1,3,0,,BB,0,2018-10-25T15:41:03.425Z,2018-10-25T15:38:11.720Z,2018-10-25T15:41:03.425Z,uuid:e13bd2c6-27b0-4069-a55a-a276f926035a,e13bd2c6-27b0-4069-a55a-a276f926035a,2018-10-25T15:43:09,,,2
2018-11-07T08:52:30.842Z,10,5002,5002,2018-10-03T14:30:00.000Z,2018-10-03T16:30:00.000Z,2018-10-04T15:30:00.000Z,,10,,7,10,1,,7,1,3,31,1,6,1,3,0,,TT,0,2018-11-07T08:56:29.217Z,2018-11-07T08:52:30.842Z,2018-11-07T08:56:29.217Z,uuid:f58f4629-456b-4415-a2c1-ef5d52fb4895,f58f4629-456b-4415-a2c1-ef5d52fb4895,2018-11-08T10:52:28,,,2
2018-11-07T11:04:32.918Z,8,6003,6003,2018-10-03T14:30:00.000Z,2018-10-03T16:30:00.000Z,2018-10-04T15:30:00.000Z,,,10,7,1,3,2,6,1,3,0,1,5,1,3,0,,TT,0,2018-11-07T11:11:02.738Z,2018-11-07T11:04:32.918Z,2018-11-07T11:11:02.738Z,uuid:ce50f744-8912-4bf3-aca4-e0f6e25cb282,ce50f744-8912-4bf3-aca4-e0f6e25cb282,2018-11-08T10:52:33,,,2
2018-11-07T11:11:35.882Z,8,6002,6002,2018-10-03T14:30:00.000Z,2018-10-03T16:30:00.000Z,2018-10-04T15:30:00.000Z,,,10,7,1,3,3,6,1,3,0,1,5,1,3,0,,TT,0,2018-11-07T11:13:49.547Z,2018-11-07T11:11:35.882Z,2018-11-07T11:13:49.547Z,uuid:be42349b-d120-4076-ba87-9c2051ce8dd9,be42349b-d120-4076-ba87-9c2051ce8dd9,2018-11-08T10:52:36,,,2
2018-11-07T11:14:03.984Z,8,6001,6001,2018-10-03T14:30:00.000Z,2018-10-03T16:30:00.000Z,2018-10-04T15:30:00.000Z,,,10,7,1,3,2,6,1,3,0,1,5,1,3,0,,TT,0,2018-11-07T11:16:12.704Z,2018-11-07T11:14:03.984Z,2018-11-07T11:16:12.704Z,uuid:c90fa57c-4464-4261-b5df-6ede306fbbd8,c90fa57c-4464-4261-b5df-6ede306fbbd8,2018-11-08T10:52:43,,,2
2018-11-07T11:16:31.167Z,10,5005,5005,2018-10-03T14:30:00.000Z,2018-10-03T16:30:00.000Z,2018-10-04T15:30:00.000Z,,10,,7,10,1,,7,1,1,,1,6,1,3,21,,TT,0,2018-11-07T11:19:10.428Z,2018-11-07T11:16:31.168Z,2018-11-07T11:19:10.428Z,uuid:c7b3c98b-60ef-4d85-b95a-b8480a27df8a,c7b3c98b-60ef-4d85-b95a-b8480a27df8a,2018-11-08T10:52:47,,,2
2018-11-07T11:19:23.666Z,10,5004,5004,2018-10-03T14:30:00.000Z,2018-10-03T16:30:00.000Z,2018-10-04T15:30:00.000Z,,10,,7,10,3,0,7,1,3,0,1,6,1,3,0,,TT,0,2018-11-07T11:20:57.107Z,2018-11-07T11:19:23.666Z,2018-11-07T11:20:57.107Z,uuid:95f73092-9c0f-410b-95ab-3d7ec40a16b0,95f73092-9c0f-410b-95ab-3d7ec40a16b0,2018-11-08T10:52:50,,,2
2018-11-07T11:21:06.369Z,10,5001,5001,2018-10-03T14:30:00.000Z,2018-10-03T16:30:00.000Z,2018-10-04T15:30:00.000Z,,10,,7,10,3,0,7,1,3,0,1,6,1,3,0,,TT,0,2018-11-07T11:22:54.534Z,2018-11-07T11:21:06.369Z,2018-11-07T11:22:54.534Z,uuid:b66ec23d-e43a-4b3a-a551-45d553935f6b,b66ec23d-e43a-4b3a-a551-45d553935f6b,2018-11-08T10:52:52,,,2
2018-11-07T11:32:49.490Z,10,5003,5003,2018-10-03T14:30:00.000Z,2018-10-03T16:30:00.000Z,2018-10-04T15:30:00.000Z,,10,,7,10,3,0,7,1,3,0,1,6,1,3,0,,TT,0,2018-11-07T11:34:26.329Z,2018-11-07T11:32:49.490Z,2018-11-07T11:34:26.329Z,uuid:8b31cecf-e0d5-4b0f-8803-e77bd5f8b920,8b31cecf-e0d5-4b0f-8803-e77bd5f8b920,2018-11-08T10:53:00,,,2
2018-11-07T11:35:11.413Z,6,7003,7003,2018-10-03T14:30:00.000Z,2018-10-03T16:30:00.000Z,2018-10-04T15:30:00.000Z,,,,7,1,3,1,6,1,3,0,1,5,1,3,0,,TT,0,2018-11-07T11:36:39.558Z,2018-11-07T11:35:11.413Z,2018-11-07T11:36:39.558Z,uuid:181fc936-c634-4503-9eb8-9e2e19d74fbc,181fc936-c634-4503-9eb8-9e2e19d74fbc,2018-11-08T10:53:03,,,2
2018-11-07T11:36:47.150Z,6,7002,7002,2018-10-03T14:30:00.000Z,2018-10-03T16:30:00.000Z,2018-10-04T15:30:00.000Z,,,,7,1,1,,6,1,3,12,1,5,1,3,0,,TT,0,2018-11-07T11:39:23.802Z,2018-11-07T11:36:47.150Z,2018-11-07T11:39:23.802Z,uuid:6030dde3-1fbe-4ab6-b999-b51bc237f6f2,6030dde3-1fbe-4ab6-b999-b51bc237f6f2,2018-11-08T10:53:06,,,2
2018-11-07T11:39:52.877Z,6,7001,7001,2018-10-03T14:30:00.000Z,2018-10-03T16:30:00.000Z,2018-10-04T15:30:00.000Z,,,,7,1,1,,6,1,3,17,1,5,1,3,2,,TT,0,2018-11-07T11:41:16.405Z,2018-11-07T11:39:52.877Z,2018-11-07T11:41:16.405Z,uuid:631a706d-5fba-4066-8f26-69c785e336dc,631a706d-5fba-4066-8f26-69c785e336dc,2018-11-08T10:53:10,,,2
2018-11-07T11:41:27.833Z,8,6005,6005,2018-10-03T14:30:00.000Z,2018-10-03T16:30:00.000Z,2018-10-04T15:30:00.000Z,,,10,7,1,1,,6,1,3,40,1,5,1,3,0,,TT,0,2018-11-07T11:43:35.416Z,2018-11-07T11:41:27.833Z,2018-11-07T11:43:35.416Z,uuid:35f1c1c9-4322-4acb-a926-1e8e46049e54,35f1c1c9-4322-4acb-a926-1e8e46049e54,2018-11-08T10:53:16,,,2
2018-11-07T11:43:44.799Z,1,4002,4002,2018-10-03T14:30:00.000Z,2018-10-03T16:30:00.000Z,2018-10-04T15:30:00.000Z,,,,4,1,3,4,3,1,3,1,0,,,,,,TT,0,2018-11-07T11:46:03.037Z,2018-11-07T11:43:44.799Z,2018-11-07T11:46:03.038Z,uuid:7d498e01-e519-4ad1-8fbb-7d96002b7615,7d498e01-e519-4ad1-8fbb-7d96002b7615,2018-11-08T10:53:22,,,2
2018-11-07T11:46:07.249Z,1,4004,4004,2018-10-03T14:20:00.000Z,2018-10-03T16:30:00.000Z,2018-10-04T15:30:00.000Z,,,,4,1,3,43,3,1,3,4,0,,,,,,TT,0,2018-11-07T11:48:54.424Z,2018-11-07T11:46:07.249Z,2018-11-07T11:48:54.424Z,uuid:2edd1b9f-dd82-44fc-ad35-eb4186b53d7c,2edd1b9f-dd82-44fc-ad35-eb4186b53d7c,2018-11-08T10:53:27,,,2
2018-11-07T11:49:23.196Z,1,4003,4003,2018-10-03T14:30:00.000Z,2018-10-03T16:30:00.000Z,2018-10-04T15:30:00.000Z,,,,4,1,3,1,3,1,3,0,0,,,,,,TT,0,2018-11-07T11:59:14.549Z,2018-11-07T11:49:23.196Z,2018-11-07T11:59:14.549Z,uuid:bd09e533-63f3-4d8a-8730-5973969753c7,bd09e533-63f3-4d8a-8730-5973969753c7,2018-11-08T10:53:32,,,2
2018-11-07T11:51:20.459Z,1,4008,4008,2018-10-04T12:30:00.000Z,2018-10-04T15:00:00.000Z,2018-10-05T15:00:00.000Z,,,,4,1,3,50,3,1,3,5,0,,,,,,TT,0,2018-11-07T11:59:46.977Z,2018-11-07T11:51:20.460Z,2018-11-07T11:59:46.977Z,uuid:b2ae56ef-ace9-4f66-95f6-69f55893a988,b2ae56ef-ace9-4f66-95f6-69f55893a988,2018-11-08T10:53:36,,,2
2018-11-07T11:53:24.203Z,1,4009,4009,2018-10-04T12:30:00.000Z,2018-10-04T15:00:00.000Z,2018-10-05T15:00:00.000Z,,,,4,1,3,11,3,1,3,0,0,,,,,,TT,0,2018-11-07T11:59:01.816Z,2018-11-07T11:53:24.203Z,2018-11-07T11:59:01.816Z,uuid:f426938e-d2c4-48a0-b455-c2eb31dc958a,f426938e-d2c4-48a0-b455-c2eb31dc958a,2018-11-08T10:53:41,,,2
2018-11-07T11:55:14.160Z,1,4010,4010,2018-10-04T12:30:00.000Z,2018-10-04T15:00:00.000Z,2018-10-05T15:00:00.000Z,,,,4,1,3,89,3,1,3,8,0,,,,,,TT,0,2018-11-07T11:57:15.255Z,2018-11-07T11:55:14.162Z,2018-11-07T11:57:15.255Z,uuid:6924e203-bbbf-43d9-9f93-3a5b39a75eff,6924e203-bbbf-43d9-9f93-3a5b39a75eff,2018-11-08T10:53:44,,,2
2018-11-07T11:59:53.245Z,1,4007,4007,2018-10-04T12:30:00.000Z,2018-10-04T15:00:00.000Z,2018-10-05T15:00:00.000Z,,,,4,1,3,0,3,1,3,0,0,,,,,,TT,0,2018-11-07T12:03:41.049Z,2018-11-07T11:59:53.246Z,2018-11-07T12:03:41.049Z,uuid:7630dcf4-0fde-44c9-84c0-9e48bcfd98e4,7630dcf4-0fde-44c9-84c0-9e48bcfd98e4,2018-11-08T10:53:50,,,2
2018-11-07T12:04:12.838Z,1,4006,4006,2018-10-04T12:30:00.000Z,2018-10-04T15:00:00.000Z,2018-10-05T15:00:00.000Z,,,,4,1,1,,3,1,3,20,0,,,,,,TT,0,2018-11-07T12:05:44.156Z,2018-11-07T12:04:12.838Z,2018-11-07T12:05:44.156Z,uuid:eb684db1-70bc-49f2-9659-75c4e5250331,eb684db1-70bc-49f2-9659-75c4e5250331,2018-11-08T10:53:57,,,2
2018-11-07T12:06:10.661Z,8,6010,6010,2018-10-04T12:30:00.000Z,2018-10-04T15:00:00.000Z,2018-10-05T15:00:00.000Z,,,10,7,1,3,0,6,1,3,0,1,5,1,3,0,,TT,0,2018-11-07T12:07:39.421Z,2018-11-07T12:06:10.661Z,2018-11-07T12:07:39.421Z,uuid:18c9ab94-3bdd-4a39-a182-f310866f7df3,18c9ab94-3bdd-4a39-a182-f310866f7df3,2018-11-08T10:54:02,,,2
2018-11-07T12:07:57.262Z,8,6009,6009,2018-10-04T12:30:00.000Z,2018-10-04T15:00:00.000Z,2018-10-05T15:00:00.000Z,,,10,7,1,3,4,6,1,3,0,1,5,1,3,0,,TT,0,2018-11-07T12:09:26.316Z,2018-11-07T12:07:57.262Z,2018-11-07T12:09:26.316Z,uuid:56d3c4a8-457c-4514-92f6-d9e83ea4eb40,56d3c4a8-457c-4514-92f6-d9e83ea4eb40,2018-11-08T10:54:07,,,2
2018-11-07T12:10:09.183Z,8,6008,6008,2018-10-04T12:30:00.000Z,2018-10-04T15:00:00.000Z,2018-10-05T15:00:00.000Z,,,10,7,1,3,27,6,1,3,3,1,5,1,3,1,,TT,0,2018-11-07T12:11:45.826Z,2018-11-07T12:10:09.183Z,2018-11-07T12:11:45.826Z,uuid:f944e5e0-a59a-46b4-878b-95b9e7e96a8a,f944e5e0-a59a-46b4-878b-95b9e7e96a8a,2018-11-08T10:54:11,,,2
2018-11-07T12:12:25.587Z,8,6007,6007,2018-10-04T12:30:00.000Z,2018-10-04T15:00:00.000Z,2018-10-05T15:00:00.000Z,,,10,7,1,3,3,6,1,3,0,1,5,1,3,0,,TT,0,2018-11-07T12:14:12.896Z,2018-11-07T12:12:25.587Z,2018-11-07T12:14:12.896Z,uuid:f2eed210-1af0-4056-a04e-ddbc69b25ab3,f2eed210-1af0-4056-a04e-ddbc69b25ab3,2018-11-08T10:54:13,,,2
2018-11-07T12:14:58.792Z,8,6006,6006,2018-10-04T12:30:00.000Z,2018-10-04T15:00:00.000Z,2018-10-05T15:00:00.000Z,,,10,7,1,3,16,6,1,3,2,1,5,1,3,0,,TT,0,2018-11-07T12:17:08.448Z,2018-11-07T12:14:58.792Z,2018-11-07T12:17:08.448Z,uuid:2630957d-7c9e-4f04-a32d-ec53c48df2f5,2630957d-7c9e-4f04-a32d-ec53c48df2f5,2018-11-08T10:54:19,,,2
2018-11-07T12:17:37.835Z,6,7004,7004,2018-10-04T12:30:00.000Z,2018-10-04T15:00:00.000Z,2018-10-05T15:00:00.000Z,,,,7,1,1,,6,1,3,70,1,5,1,3,0,,TT,0,2018-11-07T12:19:10.666Z,2018-11-07T12:17:37.835Z,2018-11-07T12:19:10.666Z,uuid:a2c67b4f-1386-44b4-bbdb-743e90fb4f9b,a2c67b4f-1386-44b4-bbdb-743e90fb4f9b,2018-11-08T10:54:22,,,2
2018-11-07T12:19:32.342Z,9,8004,8004,2018-10-04T12:30:00.000Z,2018-10-04T15:00:00.000Z,2018-10-05T15:00:00.000Z,,,,7,100,3,0,7,10,3,0,0,,,,,,TT,0,2018-11-07T12:24:06.243Z,2018-11-07T12:19:32.342Z,2018-11-07T12:24:06.243Z,uuid:97eb4c5f-b53d-4bf6-b2ea-1159e522b49a,97eb4c5f-b53d-4bf6-b2ea-1159e522b49a,2018-11-08T10:54:28,,,2
2018-11-07T13:39:04.652Z,9,8003,8003,2018-10-04T12:30:00.000Z,2018-10-04T15:00:00.000Z,2018-10-05T15:00:00.000Z,,,,7,100,3,1,7,10,3,0,0,,,,,,TT,0,2018-11-07T13:40:18.725Z,2018-11-07T13:39:04.652Z,2018-11-07T13:40:18.725Z,uuid:457856a5-ce78-4730-8676-52a8eeb969d2,457856a5-ce78-4730-8676-52a8eeb969d2,2018-11-08T10:54:31,,,2
2018-11-07T13:51:34.781Z,9,8002,8002,2018-10-04T12:30:00.000Z,2018-10-04T15:00:00.000Z,2018-10-05T15:00:00.000Z,,,,7,100,3,0,7,10,3,0,0,,,,,,TT,0,2018-11-07T13:53:04.103Z,2018-11-07T13:51:34.781Z,2018-11-07T13:53:04.103Z,uuid:c65bc63d-8bb6-4f35-a432-5f1cdb8b9a85,c65bc63d-8bb6-4f35-a432-5f1cdb8b9a85,2018-11-08T10:54:33,,,2
2018-11-07T13:53:08.027Z,9,8001,8001,2018-10-04T12:30:00.000Z,2018-10-04T15:00:00.000Z,2018-10-05T15:00:00.000Z,,,,7,100,3,1,7,10,3,0,0,,,,,,TT,0,2018-11-07T13:55:10.479Z,2018-11-07T13:53:08.027Z,2018-11-07T13:55:10.479Z,uuid:5781ea93-9074-4258-87eb-58e69180f35b,5781ea93-9074-4258-87eb-58e69180f35b,2018-11-08T10:54:46,,,2
2018-11-07T13:55:32.946Z,10,5006,5006,2018-10-04T12:30:00.000Z,2018-10-04T15:00:00.000Z,2018-10-05T15:00:00.000Z,,10,,7,10,3,0,7,1,3,0,1,6,1,3,0,,TT,0,2018-11-07T13:57:00.167Z,2018-11-07T13:55:32.947Z,2018-11-07T13:57:00.167Z,uuid:dde3123b-7240-44a9-8073-6c6a5cc4c306,dde3123b-7240-44a9-8073-6c6a5cc4c306,2018-11-08T10:54:51,,,2
2018-11-07T13:57:15.490Z,10,5007,5007,2018-10-04T12:30:00.000Z,2018-10-04T15:00:00.000Z,2018-10-05T15:00:00.000Z,,10,,7,10,1,,7,1,1,,1,6,1,3,20,,TT,0,2018-11-07T13:58:58.460Z,2018-11-07T13:57:15.490Z,2018-11-07T13:58:58.460Z,uuid:195593ac-f886-4179-b9db-5c6190f43001,195593ac-f886-4179-b9db-5c6190f43001,2018-11-08T10:54:54,,,2
2018-11-07T13:59:15.486Z,10,5008,5008,2018-10-04T12:30:00.000Z,2018-10-04T15:00:00.000Z,2018-10-05T15:00:00.000Z,,10,,7,10,3,7,7,1,3,0,1,6,1,3,0,,TT,0,2018-11-07T14:01:01.971Z,2018-11-07T13:59:15.486Z,2018-11-07T14:01:01.971Z,uuid:9c007600-b5cc-487f-883d-b8a74741bc39,9c007600-b5cc-487f-883d-b8a74741bc39,2018-11-08T10:54:58,,,2
2018-11-07T14:01:55.568Z,10,5009,5009,2018-10-04T12:30:00.000Z,2018-10-04T15:00:00.000Z,2018-10-05T15:00:00.000Z,,10,,7,10,1,,7,1,1,,1,6,1,1,,,TT,0,2018-11-07T14:03:09.120Z,2018-11-07T14:01:55.569Z,2018-11-07T14:03:09.120Z,uuid:364614b4-41d7-459a-8d0c-455b71560bce,364614b4-41d7-459a-8d0c-455b71560bce,2018-11-08T10:55:00,,,2
2018-11-07T14:03:12.205Z,10,5010,5010,2018-10-04T12:00:00.000Z,2018-10-04T15:00:00.000Z,2018-10-05T15:00:00.000Z,,10,,7,10,3,0,7,1,3,0,1,6,1,3,0,,TT,0,2018-11-07T14:04:20.180Z,2018-11-07T14:03:12.206Z,2018-11-07T14:04:20.180Z,uuid:4dd06ae2-bc38-4af1-92f6-0a76b7d9f54f,4dd06ae2-bc38-4af1-92f6-0a76b7d9f54f,2018-11-08T10:55:04,,,2
2018-11-07T14:04:46.358Z,1,4001,4001,2018-10-03T14:30:00.000Z,2018-10-03T16:00:00.000Z,2018-10-04T15:30:00.000Z,,,,4,1,3,0,3,1,3,0,0,,,,,,TT,0,2018-11-07T14:06:45.191Z,2018-11-07T14:04:46.358Z,2018-11-07T14:06:45.191Z,uuid:dde51767-79c5-45ef-a1b1-cceb471122af,dde51767-79c5-45ef-a1b1-cceb471122af,2018-11-08T10:55:07,,,2
2018-11-07T14:07:03.151Z,1,4005,4005,2018-10-03T14:30:00.000Z,2018-10-03T16:30:00.000Z,2018-10-04T15:30:00.000Z,,,,4,1,3,18,3,1,3,0,0,,,,,,TT,0,2018-11-07T14:08:23.647Z,2018-11-07T14:07:03.151Z,2018-11-07T14:08:23.647Z,uuid:28d8dce7-da3e-4a2f-8ee8-b6817b4162f9,28d8dce7-da3e-4a2f-8ee8-b6817b4162f9,2018-11-08T10:55:09,,,2
2018-11-07T16:23:18.367Z,2,2007,2007,2018-10-02T14:45:00.000Z,2018-10-02T15:40:00.000Z,2018-10-03T14:30:00.000Z,268.59,,,7,10,1,,7,1,1,,1,6,1,3,45,,TT,0,2018-11-07T16:32:16.265Z,2018-11-07T16:23:18.368Z,2018-11-07T16:32:16.265Z,uuid:8f1ec7a6-487b-49d0-af63-269467022fc0,8f1ec7a6-487b-49d0-af63-269467022fc0,2018-11-08T10:55:11,,,2
2018-11-07T16:27:00.509Z,2,2010,2010,2018-10-02T14:45:00.000Z,2018-10-02T15:40:00.000Z,2018-10-03T14:30:00.000Z,42.27,,,7,10,1,,7,1,1,,1,6,1,1,,,TT,0,2018-11-07T16:32:02.027Z,2018-11-07T16:27:00.510Z,2018-11-07T16:32:02.027Z,uuid:b641feb6-d390-4e71-805c-83d9b455b5c3,b641feb6-d390-4e71-805c-83d9b455b5c3,2018-11-08T10:55:14,,,2
2018-11-07T16:28:55.589Z,2,2008,2008,2018-10-02T14:45:00.000Z,2018-10-02T15:40:00.000Z,2018-10-03T14:30:00.000Z,160.1,,,7,10,1,,7,1,1,,1,6,1,3,150,,TT,0,2018-11-07T16:31:46.900Z,2018-11-07T16:28:55.589Z,2018-11-07T16:31:46.900Z,uuid:d59d4c3e-e722-4159-bb11-155247b1cb12,d59d4c3e-e722-4159-bb11-155247b1cb12,2018-11-08T10:55:16,,,2
2018-11-07T16:32:25.612Z,2,2009,2009,2018-10-02T14:45:00.000Z,2018-10-02T15:40:00.000Z,2018-10-03T14:30:00.000Z,62.4,,,7,10,1,,7,1,1,,1,6,1,1,,,TT,0,2018-11-07T16:34:20.745Z,2018-11-07T16:32:25.612Z,2018-11-07T16:34:20.745Z,uuid:15400ee8-c4c5-4396-a5f3-0c7692899dbf,15400ee8-c4c5-4396-a5f3-0c7692899dbf,2018-11-08T10:55:20,,,2
2018-11-07T16:34:54.476Z,2,2006,2006,2018-10-02T14:45:00.000Z,2018-10-02T15:40:00.000Z,2018-10-03T14:30:00.000Z,257.52,,,7,10,1,,7,1,1,,1,6,1,1,,,TT,0,2018-11-07T16:37:13.226Z,2018-11-07T16:34:54.476Z,2018-11-07T16:37:13.226Z,uuid:396f09cd-7f22-4d43-b287-aec3defa0b51,396f09cd-7f22-4d43-b287-aec3defa0b51,2018-11-08T10:55:24,,,2
2018-11-07T16:38:03.164Z,7,3006,3006,2018-10-02T14:45:00.000Z,2018-10-02T15:40:00.000Z,2018-10-03T14:30:00.000Z,,,,7,10,3,1,6,1,3,0,0,,,,,,TT,0,2018-11-07T16:43:36.619Z,2018-11-07T16:38:03.164Z,2018-11-07T16:43:36.619Z,uuid:a3edeaa9-2165-4818-8bfb-13b9a37f5ccc,a3edeaa9-2165-4818-8bfb-13b9a37f5ccc,2018-11-08T10:55:26,,,2
2018-11-07T16:43:53.389Z,7,3007,3007,2018-10-02T14:45:00.000Z,2018-10-02T15:40:00.000Z,2018-10-03T14:30:00.000Z,,,,7,10,3,0,6,1,3,0,0,,,,,,TT,0,2018-11-07T16:47:08.774Z,2018-11-07T16:43:53.389Z,2018-11-07T16:47:08.774Z,uuid:80e3366c-5b07-4377-9dac-88476b4491cb,80e3366c-5b07-4377-9dac-88476b4491cb,2018-11-08T10:55:29,,,2
2018-11-07T16:47:27.875Z,7,3008,3008,2018-10-02T14:45:00.000Z,2018-10-02T15:40:00.000Z,2018-10-03T14:30:00.000Z,,,,7,10,3,20,6,1,3,0,0,,,,,,TT,0,2018-11-07T16:49:11.713Z,2018-11-07T16:47:27.875Z,2018-11-07T16:49:11.713Z,uuid:60030da1-f2cc-41a6-84d0-94f47b485fc2,60030da1-f2cc-41a6-84d0-94f47b485fc2,2018-11-08T10:55:33,,,2
2018-11-07T16:49:30.207Z,7,3009,3009,2018-10-02T14:45:00.000Z,2018-10-02T15:40:00.000Z,2018-10-03T14:30:00.000Z,,,,7,10,3,0,6,1,3,0,0,,,,,,TT,0,2018-11-07T16:51:08.999Z,2018-11-07T16:49:30.207Z,2018-11-07T16:51:08.999Z,uuid:f5228e6b-c953-44d9-ae03-c2b7129f2cfa,f5228e6b-c953-44d9-ae03-c2b7129f2cfa,2018-11-08T10:55:37,,,2
2018-11-07T16:51:23.890Z,7,3010,3010,2018-10-02T14:45:00.000Z,2018-10-02T15:40:00.000Z,2018-10-03T14:30:00.000Z,,,,7,10,3,1,6,1,3,0,0,,,,,,TT,0,2018-11-07T16:52:52.798Z,2018-11-07T16:51:23.890Z,2018-11-07T16:52:52.798Z,uuid:34c34ca7-71c0-4086-a37f-b96cfd05fbaf,34c34ca7-71c0-4086-a37f-b96cfd05fbaf,2018-11-08T10:55:40,,,2
2018-11-07T16:52:57.248Z,3,1006,1006,2018-10-02T14:45:00.000Z,2018-10-02T15:40:00.000Z,2018-10-03T14:30:00.000Z,,,,7,100,3,0,7,10,3,0,0,,,,,,TT,0,2018-11-07T16:57:46.655Z,2018-11-07T16:52:57.248Z,2018-11-07T16:57:46.656Z,uuid:b5cbcdb7-1976-4abd-92df-3e766b636558,b5cbcdb7-1976-4abd-92df-3e766b636558,2018-11-08T10:55:45,,,2
2018-11-08T09:58:50.235Z,3,1007,1007,2018-10-02T14:45:00.000Z,2018-10-02T15:40:00.000Z,2018-10-03T14:30:00.000Z,,,,7,100,3,0,7,10,3,0,0,,,,,,TT,0,2018-11-08T10:01:59.154Z,2018-11-08T09:58:50.235Z,2018-11-08T10:01:59.154Z,uuid:991159bc-1ef0-4415-bc2d-79839d9aede1,991159bc-1ef0-4415-bc2d-79839d9aede1,2018-11-08T10:55:47,,,2
2018-11-08T10:02:09.034Z,3,1008,1008,2018-10-02T14:45:00.000Z,2018-10-02T15:40:00.000Z,2018-10-03T14:30:00.000Z,,,,7,100,3,15,7,10,3,0,0,,,,,,TT,0,2018-11-08T10:03:40.036Z,2018-11-08T10:02:09.034Z,2018-11-08T10:03:40.036Z,uuid:aaf9df0c-1971-4801-813d-9a3e636ae926,aaf9df0c-1971-4801-813d-9a3e636ae926,2018-11-08T10:55:50,,,2
2018-11-08T10:03:57.143Z,3,1009,1009,2018-10-02T14:45:00.000Z,2018-10-02T15:40:00.000Z,2018-10-03T14:30:00.000Z,,,,7,100,3,81,7,10,3,0,0,,,,,,TT,0,2018-11-08T10:05:29.028Z,2018-11-08T10:03:57.143Z,2018-11-08T10:05:29.028Z,uuid:42565858-a03b-494b-b0b4-dc462a91a3ad,42565858-a03b-494b-b0b4-dc462a91a3ad,2018-11-08T10:55:56,,,2
2018-11-08T10:05:42.134Z,3,1010,1010,2018-10-02T14:45:00.000Z,2018-10-02T15:40:00.000Z,2018-10-03T14:30:00.000Z,,,,7,100,3,0,7,10,3,0,0,,,,,,TT,0,2018-11-08T10:07:24.919Z,2018-11-08T10:05:42.134Z,2018-11-08T10:07:24.919Z,uuid:c66e85ba-cee0-4cf2-a280-08cc41fbd809,c66e85ba-cee0-4cf2-a280-08cc41fbd809,2018-11-08T10:55:59,,,2
2018-11-08T10:07:40.266Z,7,3002,3002,2018-10-01T15:30:00.000Z,2018-10-01T16:30:00.000Z,2018-10-02T15:00:00.000Z,,,,7,10,3,0,6,1,3,0,0,,,,,,TT,0,2018-11-08T10:09:20.826Z,2018-11-08T10:07:40.266Z,2018-11-08T10:09:20.826Z,uuid:ac1230e3-2426-4633-a576-40ec49034feb,ac1230e3-2426-4633-a576-40ec49034feb,2018-11-08T10:56:03,,,2
2018-11-08T10:09:37.820Z,7,3001,3001,2018-10-01T15:30:00.000Z,2018-10-01T16:30:00.000Z,2018-10-02T15:00:00.000Z,,,,7,10,3,0,6,1,3,0,0,,,,,,TT,0,2018-11-08T10:10:49.792Z,2018-11-08T10:09:37.820Z,2018-11-08T10:10:49.792Z,uuid:62e0ffb0-01a4-4724-8572-c6cb3053adca,62e0ffb0-01a4-4724-8572-c6cb3053adca,2018-11-08T10:56:09,,,2
2018-11-08T10:11:29.243Z,7,3003,3003,2018-10-01T15:30:00.000Z,2018-10-01T16:30:00.000Z,2018-10-02T15:00:00.000Z,,,,7,10,3,0,6,1,3,0,0,,,,,,TT,0,2018-11-08T10:12:41.893Z,2018-11-08T10:11:29.243Z,2018-11-08T10:12:41.893Z,uuid:e4228a75-f594-4324-95d2-9277b6663206,e4228a75-f594-4324-95d2-9277b6663206,2018-11-08T10:56:24,,,2
2018-11-08T10:12:51.493Z,7,3004,3004,2018-10-01T15:30:00.000Z,2018-10-01T16:30:00.000Z,2018-10-02T15:00:00.000Z,,,,7,10,3,0,6,1,3,0,0,,,,,,TT,0,2018-11-08T10:14:02.165Z,2018-11-08T10:12:51.493Z,2018-11-08T10:14:02.166Z,uuid:9c9aaeea-ba78-4992-9f69-a9826d7b418d,9c9aaeea-ba78-4992-9f69-a9826d7b418d,2018-11-08T10:56:27,,,2
2018-11-08T10:14:10.795Z,7,3005,3005,2018-10-01T15:30:00.000Z,2018-10-01T16:30:00.000Z,2018-10-02T15:00:00.000Z,,,,7,10,3,0,6,1,3,0,0,,,,,,TT,0,2018-11-08T10:15:22.669Z,2018-11-08T10:14:10.795Z,2018-11-08T10:15:22.669Z,uuid:593a4178-3a92-46d3-a237-fa20eeb4f4f9,593a4178-3a92-46d3-a237-fa20eeb4f4f9,2018-11-08T10:56:31,,,2
2018-11-08T10:15:41.342Z,3,1001,1001,2018-10-01T15:30:00.000Z,2018-10-01T16:30:00.000Z,2018-10-02T15:00:00.000Z,,,,7,100,3,0,7,10,3,0,0,,,,,,TT,0,2018-11-08T10:22:20.455Z,2018-11-08T10:15:41.343Z,2018-11-08T10:22:20.455Z,uuid:0efcf482-afb4-4bb8-ae09-b0fe3ac92e70,0efcf482-afb4-4bb8-ae09-b0fe3ac92e70,2018-11-08T10:56:34,,,2
2018-11-08T10:23:49.895Z,3,1002,1002,2018-10-01T15:30:00.000Z,2018-10-01T16:30:00.000Z,2018-10-02T15:00:00.000Z,,,,7,100,3,0,7,10,3,0,0,,,,,,TT,0,2018-11-08T10:24:57.574Z,2018-11-08T10:23:49.896Z,2018-11-08T10:24:57.574Z,uuid:6d93ea94-0ba2-4e9b-8e9b-2022371e5613,6d93ea94-0ba2-4e9b-8e9b-2022371e5613,2018-11-08T10:56:36,,,2
2018-11-08T10:25:25.801Z,3,1003,1003,2018-10-01T15:30:00.000Z,2018-10-01T16:30:00.000Z,2018-10-02T15:00:00.000Z,,,,7,100,3,0,7,10,3,0,0,,,,,,TT,0,2018-11-08T10:27:33.923Z,2018-11-08T10:25:25.801Z,2018-11-08T10:27:33.923Z,uuid:d04e25f9-b8e9-4bcf-bc13-c4fee21c955b,d04e25f9-b8e9-4bcf-bc13-c4fee21c955b,2018-11-08T10:56:39,,,2
2018-11-08T10:28:14.331Z,3,1004,1004,2018-10-01T15:30:00.000Z,2018-10-01T16:30:00.000Z,2018-10-02T15:00:00.000Z,,,,7,100,3,0,7,10,3,0,0,,,,,,TT,0,2018-11-08T10:29:13.777Z,2018-11-08T10:28:14.332Z,2018-11-08T10:29:13.777Z,uuid:f6b6355a-7ef7-4386-84bc-148c6cbf1c78,f6b6355a-7ef7-4386-84bc-148c6cbf1c78,2018-11-08T10:56:43,,,2
2018-11-08T10:31:01.199Z,3,1005,1005,2018-10-01T15:30:00.000Z,2018-10-01T16:30:00.000Z,2018-10-02T15:00:00.000Z,,,,7,100,3,0,7,10,3,0,0,,,,,,TT,0,2018-11-08T10:32:49.722Z,2018-11-08T10:31:01.199Z,2018-11-08T10:32:49.722Z,uuid:ada897ee-3657-431d-a053-c3cc4db34fd7,ada897ee-3657-431d-a053-c3cc4db34fd7,2018-11-08T10:56:48,,,2
2018-11-08T10:33:24.890Z,2,2001,2001,2018-10-01T15:30:00.000Z,2018-10-01T16:30:00.000Z,2018-10-02T15:00:00.000Z,98.57,,,7,10,3,21,7,1,3,2,1,6,1,3,0,,TT,0,2018-11-08T10:36:49.742Z,2018-11-08T10:33:24.890Z,2018-11-08T10:36:49.744Z,uuid:94d4a13f-5e3a-4950-b1ee-9cc54bf09574,94d4a13f-5e3a-4950-b1ee-9cc54bf09574,2018-11-08T10:56:52,,,2
2018-11-08T10:37:20.041Z,2,2002,2002,2018-10-01T15:30:00.000Z,2018-10-01T16:30:00.000Z,2018-10-02T15:00:00.000Z,47.59,,,7,10,3,5,7,1,3,0,1,6,1,3,0,,TT,0,2018-11-08T10:40:38.719Z,2018-11-08T10:37:20.042Z,2018-11-08T10:40:38.719Z,uuid:f30534a0-1847-444c-93e8-6c7a6d704abf,f30534a0-1847-444c-93e8-6c7a6d704abf,2018-11-08T10:56:56,,,2
2018-11-08T10:41:12.739Z,2,2003,2003,2018-10-01T15:30:00.000Z,2018-10-01T16:30:00.000Z,2018-10-02T15:00:00.000Z,184.08,,,7,10,3,16,7,1,3,2,1,6,1,3,0,,TT,0,2018-11-08T10:45:55.579Z,2018-11-08T10:41:12.739Z,2018-11-08T10:45:55.579Z,uuid:8dfc66a9-040c-4598-ab62-de491bd511d7,8dfc66a9-040c-4598-ab62-de491bd511d7,2018-11-08T10:57:00,,,2
2018-11-08T10:46:12.595Z,2,2004,2004,2018-10-01T15:30:00.000Z,2018-10-01T16:30:00.000Z,2018-10-02T15:00:00.000Z,127.98,,,7,10,1,,7,1,1,,1,6,1,3,71,,TT,0,2018-11-08T10:47:58.312Z,2018-11-08T10:46:12.595Z,2018-11-08T10:47:58.312Z,uuid:545f4d27-9933-4ddf-af57-aff87840d131,545f4d27-9933-4ddf-af57-aff87840d131,2018-11-08T10:57:05,,,2
2018-11-08T10:48:12.061Z,2,2005,2005,2018-10-01T15:30:00.000Z,2018-10-01T16:30:00.000Z,2018-10-02T15:00:00.000Z,73.5,,,7,10,3,6,7,1,3,0,1,6,1,3,0,,TT,0,2018-11-08T10:49:44.915Z,2018-11-08T10:48:12.061Z,2018-11-08T10:49:44.916Z,uuid:b81c3972-891e-4276-88d0-c55d0a772298,b81c3972-891e-4276-88d0-c55d0a772298,2018-11-08T10:57:12,,,2
2018-12-04T16:37:18.921Z,2,2107,2107,2018-10-09T11:00:00.000Z,2018-10-09T03:00:00.000Z,2018-10-10T03:00:00.000Z,171.21,,,7,10,3,0,7,1,3,0,1,6,1,3,0,,BB,0,2018-12-04T16:41:40.776Z,2018-12-04T16:37:18.921Z,2018-12-04T16:41:40.776Z,uuid:38a07ea1-dfa4-4058-b792-188900e6de64,38a07ea1-dfa4-4058-b792-188900e6de64,2018-12-04T16:50:26,,,2
2018-12-04T16:41:59.396Z,3,1104,1104,2018-10-08T01:00:00.000Z,2018-10-08T14:30:00.000Z,2018-10-09T14:30:00.000Z,,,,7,100,3,2,7,10,3,0,0,,,,,,BB,0,2018-12-04T16:44:28.488Z,2018-12-04T16:41:59.396Z,2018-12-04T16:44:28.488Z,uuid:04768222-7d0c-4b3f-8a12-d4314735269d,04768222-7d0c-4b3f-8a12-d4314735269d,2018-12-04T16:50:30,,,2
2018-12-04T16:44:32.680Z,1,4107,4107,2018-10-11T11:30:00.000Z,2018-10-11T16:00:00.000Z,2018-10-12T16:00:00.000Z,,,,4,1,1,,3,1,3,47,0,,,,,,BB,0,2018-12-04T16:47:18.361Z,2018-12-04T16:44:32.680Z,2018-12-04T16:47:18.361Z,uuid:22d69635-6380-4af9-8426-559047682c42,22d69635-6380-4af9-8426-559047682c42,2018-12-04T16:50:34,,,2
